2.2105463521123387
2.1636866818774814
2.1439309675775933
2.1341646547964688
2.1303982900291043
2.1220769816568366
2.1128896591605373
2.1069769561672334
2.0998194467242888
2.1055971860275049
2.1029334518576754
2.0916369972552600
2.0876815618992466
2.0829312633460693
2.0831752982701306
2.0827538345901044
2.0752231011622713
2.0748055950474922
2.0716327914965764
2.0725458576493008
2.0693469136075668
2.0731256166890391
2.0690520409585260
2.0628688259863477
2.0664450929198472
2.0609150533486909
2.0605608380558254
2.0640693296238353
2.0590648369508284
2.0542232267529963
2.0575859532160887
2.0541193824113537
2.0530113907538068
2.0530923909475498
2.0514649981573210
2.0475115599003431
2.0472287194524310
2.0488197650860553
2.0459626678010085
2.0448011335429115
2.0464340572778452
2.0435293920519455
2.0414680945430632
2.0419068302143542
2.0383830915339942
2.0401159025795481
2.0376191395650913
2.0387559736126080
2.0390706944557180
2.0392982537706748
2.0343892178981164
2.0316705737315424
2.0373968891083978
2.0413742744663104
2.0430792705960834
2.0397310363803771
2.0416738524479716
2.0358622110760050
2.0358978364898062
2.0415535098306656
2.0390588520583690
2.0377897250820252
2.0287785289687474
2.0302870820792771
2.0266804008264114
2.0251739672295721
2.0252482517885961
2.0222771679851359
2.0234846533031661
2.0261849393154669
2.0246971818915389
2.0188154222565329
2.0235305868861926
2.0181055248317881
2.0188415557260497
2.0154246747417428
2.0159986881532088
2.0126414405093773
2.0122295492131914
2.0121206786965304
2.0120663616171912
2.0091490531852974
2.0079608763378496
2.0113325141914076
2.0057707494566004
2.0047257430422190
2.0047296879386218
2.0062852243913118
2.0055407939738732
2.0033263174886082
2.0032071433055099
2.0017900147144978
2.0014677149232911
1.9992446140809479
2.0002514606248689
1.9978693835103380
1.9994316936760341
1.9982215323307759
1.9957251727352059
1.9951255081099819
1.9955354682462019
1.9948259709586555
1.9933693860007649
1.9904324561929883
1.9920920271726998
1.9882118285999710
1.9905461962793922
1.9924385220995315
1.9883530403984651
1.9876222199880791
1.9868342259781904
1.9893248543696562
1.9852927690431523
1.9822313640548108
1.9857377314537044
1.9854291071507115
1.9828940310948335
1.9817329084216861
1.9793900404788498
1.9852417934108808
1.9808037118478228
1.9795347520850275
1.9771027260492129
1.9810785524518459
1.9736994526297729
1.9798502470253394
1.9784912846305156
1.9759798900113370
1.9733626392220396
1.9759634730910520
1.9748482088273314
1.9717154604372131
1.9705586732578617
1.9704513347561017
1.9706814128824408
1.9708175488989710
1.9711956019285517
1.9708859883105727
1.9681868431052214
1.9663717133134933
1.9669879796257697
1.9655951688903248
1.9675865715200243
1.9713965675742287
1.9750419353706128
1.9737117237837141
1.9762350307078718
1.9744177778154919
1.9764674509685876
1.9746765577533645
1.9730725690588908
1.9792347318384305
1.9729034378647647
1.9700640060684902
1.9674823684820606
1.9657513456521682
1.9649843717048785
1.9639251629002721
1.9654977227753179
1.9595831787540394
1.9608875493234041
1.9609706949027650
1.9591141936110474
1.9582910256104933
1.9651077254633580
1.9638337357096127
1.9652609308458908
1.9639967963881699
1.9657391246393905
1.9644545441858308
1.9656163864648619
1.9659605043798345
1.9639818883583275
1.9646437432946071
1.9590921682065943
1.9569445113519073
1.9548082713433641
1.9543791449939991
1.9554786674497076
1.9536302375121888
1.9549687169730730
1.9512128944433593
1.9515665280376282
1.9468444978839763
1.9488614287785475
1.9471952583206722
1.9479199533425904
1.9502372222734299
1.9479440436167859
1.9516192122091833
1.9500588757127852
1.9453390718422217
1.9476175703556673
1.9480815218444349
1.9442369073972796
1.9473351118811868
1.9447786450080784
1.9444350718536083
1.9429601843012125
1.9424708832851902
1.9432638634792807
1.9411983188532684
1.9430995595745182
1.9406968843616368
1.9410463061741743
1.9404640071828609
1.9411044152079104
1.9406665575794286
1.9401187848647918
1.9394969642543880
1.9408090281730748
1.9369391138819212
1.9346764768436850
1.9348536520700292
1.9373135934565966
1.9371998477226331
1.9344740358113353
1.9364978306272114
1.9334877170765425
1.9353461752475152
1.9359564604893520
1.9314403971239746
1.9330811484522472
1.9344734068716698
1.9315873170784279
1.9358611952480058
1.9321699418728515
1.9309980159532396
1.9301693280741437
1.9341306121645425
1.9293790755748121
1.9308499696923280
1.9308636982218077
1.9298775794411445
1.9295859796289592
1.9289537453773562
1.9261465107738249
1.9292503758673443
1.9307771708229629
1.9270870658102790
1.9262247767857490
1.9255866788413551
1.9260991035594517
1.9254572862394319
1.9272402504342159
1.9282149240546289
1.9250842845699379
1.9253379900232610
1.9304400668711981
1.9281463124687936
1.9241306519996788
1.9282897158255197
1.9252568990869789
1.9266920100406255
1.9249285286275721
1.9228670073532415
1.9192769365640339
1.9220251653166922
1.9229568704752871
1.9209524544955212
1.9219918682999553
1.9205972312659814
1.9171458378186121
1.9206572932867332
1.9194019679528651
1.9200363591141614
1.9192359148311264
1.9206121573069639
1.9153941896447124
1.9176409923770827
1.9178350992910989
1.9177570733767613
1.9175542795245988
1.9166101639310458
1.9176006465959488
2.1738472804522546
2.1268320691875524
2.1089398548026086
2.0922023721907439
2.0784934998779683
2.0718773616413464
2.0657982690386203
2.0584105624126883
2.0519163519258505
2.0463975626741617
2.0360464702495107
2.0318184846799934
2.0296402250758798
2.0240875603142237
2.0242299087984743
2.0214106959509039
2.0184330512100574
2.0141961464656006
2.0124134652593222
2.0090050129518002
2.0081208297140929
2.0073168898208773
2.0016013224359956
2.0033898152096166
1.9997326713365433
1.9999702895649256
1.9994689175780374
1.9972686905714334
1.9948723719916814
1.9947470351004288
1.9936165469251432
1.9901855844388978
1.9892186631619091
1.9859074366382696
1.9860132061107212
1.9866494023540440
1.9826300331175564
1.9866242055398382
1.9812469035959441
1.9802714324485948
1.9811382241804709
1.9759791802505215
1.9773127550352247
1.9741972220081367
1.9742895571584103
1.9709012427494863
1.9729698748350468
1.9698165488762063
1.9702290527036030
1.9680545033932364
1.9674313134023693
1.9649463334095760
1.9608047444292294
1.9651883550551095
1.9636559029242135
1.9628528314577030
1.9626083854829164
1.9615026381195864
1.9626848339729219
1.9588181554279021
1.9570574991681664
1.9583197980165199
1.9572562022795279
1.9560169176163960
1.9558653969618149
1.9538323523598373
1.9520173587200713
1.9517697297351464
1.9511737443420858
1.9515195209604537
1.9509897587699314
1.9498236447229296
1.9476231822741659
1.9462652453692402
1.9449530343087467
1.9451556549182158
1.9455525293545577
1.9459109194910618
1.9446192958443482
1.9447757444522134
1.9451165759456590
1.9436022234787274
1.9413364968440279
1.9408253886177684
1.9401338758297659
1.9411455588975712
1.9412265274955114
1.9398275722920029
1.9381241114588335
1.9358535158649439
1.9360097147591162
1.9360856522976535
1.9346993820462730
1.9343913999623430
1.9349520054577876
1.9333538169592206
1.9319599159395786
1.9323736516217416
1.9337896016282070
1.9341188647072383
1.9318161264119171
1.9295925215630774
1.9303020091581913
1.9305044573644652
1.9267407767140761
1.9306120486326632
1.9263197641519227
1.9254900550567600
1.9282996994890407
1.9249632027329315
1.9265629739981147
1.9250886266271232
1.9244844584550496
1.9213725665009438
1.9245753282163554
1.9222728127706663
1.9241535263696474
1.9223886539780375
1.9217396858559679
1.9201800318747264
1.9235744811356006
1.9203147362350039
1.9186730532884306
1.9180379709879984
1.9178923757677626
1.9185244624959661
1.9179116050962028
1.9157162188873096
1.9173058142430062
1.9156941821114188
1.9160253945141843
1.9167144350449921
1.9164632762592702
1.9140674601596388
1.9127646549563095
1.9140059273313168
1.9136667603414577
1.9140705753227489
1.9115911823686671
1.9106807152379337
1.9115108150068230
