inf
inf
inf
inf
inf
inf
inf
inf
inf
inf
inf
inf
inf
inf
inf
inf
inf
inf
inf
inf
inf
inf
inf
inf
inf
inf
inf
inf
inf
inf
inf
inf
inf
inf
inf
inf
inf
inf
inf
inf
inf
inf
inf
inf
inf
inf
inf
inf
inf
inf
inf
inf
inf
inf
inf
inf
inf
inf
inf
inf
inf
inf
inf
inf
inf
inf
inf
inf
inf
inf
inf
inf
inf
inf
inf
inf
inf
inf
inf
inf
inf
inf
inf
inf
inf
inf
inf
inf
inf
inf
inf
inf
inf
inf
inf
inf
inf
inf
inf
inf
inf
inf
inf
inf
inf
inf
inf
inf
inf
inf
inf
inf
inf
inf
inf
inf
inf
inf
inf
inf
inf
inf
inf
inf
inf
inf
inf
inf
inf
inf
inf
inf
inf
inf
inf
inf
inf
inf
inf
inf
inf
inf
inf
inf
inf
inf
inf
inf
inf
inf
inf
inf
inf
inf
inf
inf
inf
inf
inf
inf
inf
inf
inf
inf
inf
inf
inf
inf
inf
inf
inf
inf
inf
inf
inf
inf
inf
inf
inf
inf
inf
inf
inf
inf
inf
inf
inf
inf
inf
inf
inf
inf
inf
inf
inf
inf
inf
inf
inf
inf
inf
inf
inf
inf
inf
inf
inf
inf
inf
inf
inf
inf
inf
inf
inf
inf
inf
inf
inf
inf
inf
inf
inf
inf
inf
inf
inf
inf
inf
inf
inf
inf
inf
inf
inf
inf
inf
inf
inf
inf
inf
inf
inf
inf
inf
inf
inf
inf
inf
inf
inf
inf
inf
inf
inf
inf
inf
inf
inf
inf
inf
inf
inf
inf
inf
inf
inf
inf
inf
inf
inf
inf
inf
inf
inf
inf
inf
inf
inf
inf
inf
inf
inf
inf
inf
inf
inf
inf
inf
inf
inf
inf
inf
inf
inf
inf
inf
inf
inf
inf
inf
inf
inf
inf
inf
inf
inf
inf
inf
inf
inf
inf
35.0054017702738491
50.1387283007303850
41.8520691196123735
35.5983525315920488
26.2257041931152344
14.9626639286677054
12.2700768113136256
7.4259322881698600
5.5861828923225394
3.9453558524449668
3.6633945107460022
3.8800857464472447
3.2855510711669922
3.1677180826663971
3.3018206556638088
3.2738749484221130
2.7039649089177451
2.4987334112326303
2.7049287557601924
2.7899805108706155
2.6475715041160579
2.6022125879923506
2.4451374610265098
2.3215204675992327
2.5327605803807578
2.4979498684406281
2.4396418829758959
2.5181292494138083
2.5901597142219543
2.3577540318171177
2.4181218743324280
2.3535658220450086
2.5277770360310878
2.6000084082285562
2.6623653074105578
2.4250809053579969
2.4624602595965066
2.4448586304982500
2.3444194197654724
2.3910396993160248
2.3304519553979235
13.6430028279622384
24.4459002216656991
12.4845635493596401
14.0896238485972098
10.8258859316507969
8.8469806710879020
10.2446508010228481
13.6300978958606720
12.7520656585693359
8.6125068863232936
6.1196352839469910
7.3849719762802133
6.2172021468480434
6.2482935190200806
4.7735841671625767
4.8816631734371185
4.1196706096331281
4.3563624123732243
4.3473361333211269
3.4581961433092756
3.4018461406230927
3.5208901166915894
3.0229612986246748
3.2865877846876783
3.1378960808118181
2.9369838535785671
2.7167421976725259
3.1190381248792014
3.1404385368029279
3.2360856036345167
2.7505611578623457
2.9494600494702663
2.6633601884047189
2.9225838979085283
2.8669670621554055
2.5360174278418222
2.7581680317719779
2.7925675113995876
2.6110198795795441
2.7527447740236921
2.5150388777256012
2.5466453135013585
2.7215965588887530
2.4991676310698190
2.6017417311668396
2.5736929277578997
2.5250409642855329
2.7556512455145517
2.4636791547139483
2.7558452586332955
2.4167820711930594
2.4427924950917559
2.5646192729473114
2.4706135491530099
2.4110982517401380
2.5355426271756492
2.6468512018521624
2.4677459796269732
2.4825433790683746
2.5784153938293457
2.5192028979460401
2.4046907424926758
2.3873667617638907
2.5538777510325112
2.5555094480514526
2.3946128090222683
2.3623665670553842
2.3570143183072410
2.7213812470436096
2.4145339926083884
2.4200641115506492
2.4002269605795545
2.4433215657869973
2.3544607063134513
2.4029520452022552
2.5196964542071023
2.5557117164134979
2.4030740658442178
2.2304494877656302
2.3884617884953818
2.2862167557080584
2.3813505371411643
2.4796559413274126
2.5007835229237876
2.3970403969287872
2.5310740073521933
2.4279966553052263
2.4489493568738299
2.4022210141023002
2.4379918972651167
2.3332357009251914
2.3043039341767630
2.4408767124017086
2.4124638736248016
2.4225236376126609
2.3754562834898629
2.4715498189131426
2.4135589897632603
2.4805105129877725
2.3897641797860465
2.3568387925624847
2.3877842923005423
2.3747523923714953
2.3487300674120584
2.3270930846532187
2.3103790382544198
2.5192058881123858
2.2710507015387220
2.4590533673763275
2.4241325755914049
2.4818432827790584
2.3448926607767744
2.2942765653133388
2.4310211042563119
2.4773507813612619
2.3574541707833605
2.2943832178910570
2.3677284220854444
2.5077973405520115
2.4086911181608834
2.3236348529656725
2.2688449819882717
2.3637132545312247
2.3585583070913954
2.2949273387591043
2.5351603925228119
2.4359983305136366
2.3660884499549866
2.3268095950285592
2.4431094328562422
2.4408786098162336
2.2909190257390342
2.3207924266656241
2.2924090027809143
2.4221015473206835
2.2062640090783434
2.3995033899943037
2.2547171612580619
2.3277990718682604
2.4544106920560207
2.4637413422266645
2.3122588296731315
2.5164543390274048
2.3542785445849099
2.5983880062898002
2.3488287925720210
2.4374542733033495
2.3332151969273887
2.3608848849932351
2.2721226314703622
2.4626250565052032
2.2706700861454010
2.2538883090019226
2.3076872924963632
2.2314180235068002
2.4801549414793653
2.3292839825153355
2.3154625991980233
2.3451695938905082
2.4271769821643829
2.3980988065401712
2.4276633858680725
2.3079953889052072
2.1965497632821402
2.3619598746299744
2.2968240777651467
2.2540915012359619
2.4219000240166979
2.3844754795233412
2.3065405885378518
2.1781080563863116
2.3839429616928105
2.2861729860305786
2.3622074226538339
2.3224170406659446
2.2710523108641305
2.4779564241568250
2.3356441358725228
2.3123571972052255
2.3509560227394100
2.3385916749636335
2.5245351294676461
2.3739430904388432
2.2904948095480600
2.3916964630285902
2.4080060223738351
2.4281254609425864
2.3770022392272949
2.2560060719648996
2.3452379405498505
2.2992066641648607
2.3009305198987327
2.3729520837465925
2.5038270950317383
2.4091348747412367
2.3406727512677512
2.3167242308457694
2.3282987972100573
2.2283386687437692
2.4614556829134626
2.1735725104808807
2.3656240701675411
2.2283453543980913
2.4119564990202589
2.2614630063374834
2.2289806902408600
2.2452035446961722
2.2346585194269819
2.3434027731418614
2.2549226482709246
2.2068805595239005
2.3082952797412872
2.3699065248171487
2.3307576874891915
2.3882272044817601
2.3369381229082746
2.2332374850908914
2.4988926053047180
2.4222648243109384
2.2780718604723611
2.3667591015497846
2.4469173848628998
2.3063554366429644
2.2560497820377354
2.2481604715188346
2.2215952773888907
2.3230146368344626
2.3389269014199576
2.2809764742851257
2.2533808052539830
2.3153262436389923
2.3796506027380628
2.1201461156209307
2.2599183420340223
2.3071930309136701
2.2579317986965179
2.4204341272513070
2.3613826135794320
2.2702673772970834
2.3028586407502494
2.3861097693443298
2.2450528939565020
2.1663387715816502
2.2930570443471274
2.3400715688864389
2.2174485425154367
2.2485880255699158
2.2317921022574105
2.2111102739969888
2.1861118078231812
2.6665192643801374
2.3556866347789764
2.3581171135107675
2.2570275564988451
2.1883528133233385
2.2373802959918976
2.0616820057233176
2.2513928214708967
2.3093117674191794
2.2359340588251748
2.4790326952934261
2.3512982030709586
2.4853310187657676
2.3559227486451464
2.2983527878920236
2.4950174291928611
2.4840886692206063
2.4123339951038361
2.4778067370255790
2.3777367373307552
2.3365028301874795
2.4430102705955501
2.3801694214344025
2.3758528629938760
2.4094426532586413
2.4082174400488539
2.5076103210449214
2.4090959131717682
2.3815146287282309
2.4540490706761680
2.3802235126495361
2.4071132938067126
2.3952832023302713
2.4253245691458383
2.4023898541927342
2.4072504838307696
2.3910358746846518
2.3846894403298697
2.3661717176437378
2.4126597146193185
2.3596565127372742
2.3782086670398708
2.4225874940554304
2.2881014843781786
2.3259266813596091
2.4135546088218693
2.3384692768255873
2.3404420514901476
2.3463284075260162
2.2945856849352517
2.3454891939957934
2.4577221969763441
2.4569729765256247
2.4029264549414315
2.3240866959095001
2.3182839552561441
2.2217387755711870
2.3813266952832537
2.2967708309491477
2.3786875804265342
2.3213465015093488
2.2986900011698403
2.3482747177282972
2.3931606511274972
2.3553518652915950
2.3796249528725943
2.3879451553026834
2.3399533927440643
2.3186352849006657
2.3918058971563974
2.3496819337209067
2.3429294526576996
2.3891248106956482
2.3386684457461038
2.3888299266497293
2.2596362729867301
2.3574360708395639
2.4133360087871552
2.2609646419684091
2.2327666878700256
2.4391428430875144
2.3049867848555246
2.3190879921118417
2.2958710094292960
2.2834767003854117
2.1827037930488591
2.4270926713943477
2.4823106427987414
2.4602135419845581
2.3936046759287515
2.3698388238747921
2.2607650359471640
2.2391094863414764
2.4965176979700723
2.4378663500150046
2.3946484625339512
2.3677039941151934
2.3847321371237431
2.2105581363042193
2.2438625792662306
2.4461378057797747
2.4011377394199371
2.4557362000147505
2.4473889470100403
2.2807972828547163
2.3600538969039917
2.3520886103312173
2.3891457915306091
2.3499039212862654
2.3484395444393158
2.4523789485295611
2.3963996668656669
2.3830915590127311
2.2945908109347024
2.4707147379716234
2.4632498522599540
2.4400723874568939
2.3361222644646964
2.3808641433715816
2.4566096365451813
2.3449554244677224
2.2455167969067893
2.4215259949366255
2.2006298998991651
2.4238204558690390
2.3285782933235168
2.3584729433059688
2.2638381620248156
2.3991967042287188
2.3112642765045166
2.3352516790231066
2.4297344287236529
2.3200829227765403
2.2888617714246116
2.3536324302355451
2.2248012622197471
2.3824610710144043
2.1952263911565146
2.4635849694410963
2.3766988217830658
2.3998992542425794
2.3538006544113159
2.3502375781536107
2.4212000370025630
2.1672669251759848
2.3016165693600974
2.3770470519860591
2.2394456565380096
2.3479613165060678
2.3117213447888694
2.4402835766474404
2.3161091705163317
2.2285393675168357
2.3585593700408936
2.3047338326772051
2.4146362046400700
2.6165480017662048
2.4264609615008035
2.3573296864827475
2.4102413157622018
2.3215699493885040
2.3431895077228546
2.4002355635166168
2.4380647440751395
2.4182285964488983
2.3607490658760071
2.3398472964763641
2.3116237819194789
2.4567806224028268
2.3103324075539908
2.4634358485539751
2.2323400080204014
2.3319446841875711
2.2297874987125392
2.2934287687142692
2.3407001594702401
2.4070709447065988
2.3230212628841396
2.1923996309439340
2.4246062735716505
2.4576734403769174
2.2760972579320273
2.3796339134375253
2.4612607359886169
2.5503184000651045
2.2785318493843079
2.2883407473564148
2.4174656967322035
2.4111701349417367
2.3967899878819785
2.4503655731678009
2.2794479231039682
2.2895483771959939
2.3938351968924203
2.3410157859325409
2.2703394393126168
2.2425145606199899
2.3571145733197527
2.1045736571153006
2.3720429937044778
2.2080112298329668
2.5330769618352256
2.3152062793572745
2.2636842827002210
2.3865037461121879
2.3339902957280478
2.2815029621124268
2.3281601667404170
2.3594819704691568
2.4211425185203552
2.4155284166336060
2.5095972816149397
2.3670837183793387
2.3815593024094901
2.4431004226207733
2.4204992949962616
2.3761273125807443
2.4355952938397727
2.2839881281057992
2.3358651200930276
2.3281556963920593
2.3052765130996709
2.3710979223251343
2.2844451665878296
2.3873589833577475
2.3023093640804295
2.3431439101696010
2.2535892625649772
2.3173762063185372
2.4251577258110042
2.4427253305912018
2.3772508700688681
2.3038801352183023
2.3211293121178942
2.2870020469029746
2.2596398890018459
2.2316580414772029
2.3407696286837263
2.3598745067914324
2.4665331741174059
2.2916546165943146
inf
inf
inf
inf
inf
inf
inf
inf
inf
inf
inf
inf
inf
inf
inf
inf
inf
inf
inf
inf
inf
inf
inf
inf
inf
inf
inf
inf
inf
inf
inf
inf
inf
inf
inf
inf
inf
inf
inf
inf
inf
inf
inf
inf
inf
inf
inf
inf
inf
inf
inf
inf
inf
inf
inf
inf
inf
inf
inf
inf
inf
inf
inf
inf
inf
inf
inf
inf
inf
inf
inf
inf
inf
inf
inf
inf
inf
inf
inf
inf
inf
inf
inf
inf
inf
inf
inf
inf
inf
inf
inf
inf
inf
inf
inf
inf
inf
inf
inf
inf
inf
inf
inf
inf
inf
inf
inf
inf
inf
inf
inf
inf
inf
inf
inf
inf
inf
inf
inf
inf
inf
inf
inf
inf
inf
inf
inf
inf
inf
inf
inf
inf
inf
inf
inf
inf
inf
inf
inf
inf
inf
