0.2599999904632568
0.2199999988079071
0.2599999904632568
0.6000000238418579
0.6600000262260437
0.8399999737739563
0.8000000119209290
0.8199999928474426
0.8999999761581421
0.8799999952316284
0.8999999761581421
0.9599999785423279
0.9200000166893005
0.8399999737739563
0.8399999737739563
0.9399999976158142
0.9800000190734863
0.9599999785423279
0.9399999976158142
0.9399999976158142
0.9599999785423279
0.9599999785423279
0.9800000190734863
0.9399999976158142
0.9800000190734863
0.9399999976158142
1.0000000000000000
0.9399999976158142
0.8799999952316284
0.9399999976158142
0.9200000166893005
0.8999999761581421
0.9800000190734863
0.1599999964237213
0.1599999964237213
0.1199999973177910
0.1599999964237213
0.1599999964237213
0.1800000071525574
0.1400000005960464
0.1400000005960464
0.2199999988079071
0.2599999904632568
0.2000000029802322
0.2000000029802322
0.2800000011920929
0.2599999904632568
0.2199999988079071
0.3199999928474426
0.2800000011920929
0.2599999904632568
0.2599999904632568
0.3000000119209290
0.4000000059604645
0.2000000029802322
0.2599999904632568
0.2399999946355820
0.3000000119209290
0.2199999988079071
0.3000000119209290
0.2800000011920929
0.3000000119209290
0.2599999904632568
0.2399999946355820
0.2399999946355820
0.1599999964237213
0.1800000071525574
0.1599999964237213
0.2199999988079071
0.2800000011920929
0.2000000029802322
0.2399999946355820
0.1599999964237213
0.3000000119209290
0.2399999946355820
0.2599999904632568
0.2199999988079071
0.2399999946355820
0.3000000119209290
0.2399999946355820
0.3199999928474426
0.2199999988079071
0.2399999946355820
0.2599999904632568
0.2399999946355820
0.2199999988079071
0.2399999946355820
0.2599999904632568
0.1599999964237213
0.1800000071525574
0.1599999964237213
0.1800000071525574
0.1800000071525574
0.2000000029802322
0.2000000029802322
0.2000000029802322
0.2199999988079071
0.2399999946355820
0.2399999946355820
0.1800000071525574
0.2399999946355820
0.2599999904632568
0.3000000119209290
