0.3075599968433380
0.5078799724578857
0.5694599747657776
0.5969799757003784
0.6240199804306030
0.6420199871063232
0.6571999788284302
0.6703400015830994
0.6793599724769592
0.6920800209045410
0.7062000036239624
0.7113199830055237
0.7183600068092346
0.7207000255584717
0.7329000234603882
0.7406200170516968
0.7512199878692627
0.7547399997711182
0.7653999924659729
0.7703800201416016
0.7796199917793274
0.7822200059890747
0.7903800010681152
0.7941399812698364
0.8006799817085266
0.8040800094604492
0.8041599988937378
0.8116599917411804
0.8182200193405151
0.8186200261116028
0.8220199942588806
0.8267400264739990
0.8288199901580811
0.8288999795913696
0.8397399783134460
0.8404600024223328
0.8405799865722656
0.8451399803161621
0.8504800200462341
0.8517600297927856
0.8543400168418884
0.8544999957084656
0.8567399978637695
0.8598799705505371
0.8642399907112122
0.8626000285148621
0.8629000186920166
0.8663799762725830
0.8690000176429749
0.8715000152587891
0.8682399988174438
0.8770800232887268
0.8778200149536133
0.8767799735069275
0.8758800029754639
0.8799200057983398
0.8798800110816956
0.8798400163650513
0.8818799853324890
0.8832200169563293
0.8810799717903137
0.8905199766159058
0.8859199881553650
0.8930799961090088
0.8948600292205811
0.8935800194740295
0.8960400223731995
0.8957599997520447
0.8955199718475342
0.8915799856185913
0.8953800201416016
0.8996800184249878
0.9040399789810181
0.8985800147056580
0.9017400145530701
0.8999999761581421
0.9002000093460083
0.9023000001907349
0.9045400023460388
0.8957999944686890
